   3.163    1.030    1.500    0.000    0.000
   0.774    2.293    2.608    0.709  100.270
   1.600    2.450    4.998    2.628  104.170
   5.000    3.048    6.793    3.883  111.750
   9.463    3.267    7.817    4.512  121.760
  10.000    3.265    7.550    4.353  130.580
  10.000    3.268    7.373    4.256  129.420
  10.000    3.272    7.284    4.213  116.830
  10.000    3.285    7.239    4.192   94.547
  10.000    3.286    7.213    4.179   65.489
  10.000    3.286    7.197    4.169   39.585
  10.000    3.286    7.286    4.221   37.386
  20.000    3.327    7.290    4.226   57.883
  20.000    3.329    7.296    4.233   83.780
  20.000    3.332    7.306    4.243   99.277
  20.000    3.333    7.313    4.249  103.970
  20.000    3.373    7.314    4.250  102.610
  20.000    3.392    8.187    4.361   99.187
  20.000    3.399    8.315    4.444   95.595
  20.000    3.406    8.428    4.482   92.367
  30.000    3.424    8.540    4.525   89.644
  30.000    3.422    8.650    4.586   88.559
