           1           1  1.596751601293728E-005
           2           2  3.383916695391306E-003
           3           3  3.063205250734370E-002
           4           4  9.001450754935807E-002
           5           5  0.193670976317043     
           6           6  0.186531318547506     
           7           7  0.148214110171498     
           8           8  0.138723785020777     
           9           9  0.191582459156058     
          10          10  0.365980967245536     
          11          11  0.337235368630751     
          12          12  0.307857132197191     
          13          13  0.155812687512206     
          14          14  0.103245315960889     
          15          15  8.362967999379846E-002
          16          16  7.476309237940278E-002
          17          17  6.574365000582492E-002
          18          18  6.072054089840132E-002
          19          19  5.707685581509674E-002
          20          20  7.797099392172610E-002
          21          21  6.053442277572110E-002
